01 6 2008 John   6 5 17
02 6 2008 Brian  3 8 13
03 6 2008 Tony   5 7 15
04 6 2008 John   6 8 16
05 6 2008 Brian  2 5 11
06 6 2008 Tony   8 4 19
07 6 2008 Kenny 10 2 21
08 6 2008 John   9 3 19
09 6 2008 Brian  1 1 22
10 6 2008 Tony   9 4 14
11 6 2008 John   7 8 15
12 6 2008 Brian  4 4 13
13 6 2008 Tony   8 7 18
14 6 2008 Kenny  9 9 23
15 6 2008 John   6 5 17
16 6 2008 Brian  3 8 13
17 6 2008 Tony   5 7 15
18 6 2008 John   6 8 16
19 6 2008 Brian  2 5 11
20 6 2008 Tony   8 4 19
21 6 2008 Kenny 11 2 21
22 6 2008 John   9 3 19
23 6 2008 Brian  4 1 22
24 6 2008 Tony   9 4 14
25 6 2008 John   7 8 15
26 6 2008 Brian  4 4 13
27 6 2008 Tony   8 7 18
28 6 2008 Kenny  9 9 20
29 6 2008 Tony   8 7 18
30 6 2008 Kenny  9 9 20